 3.14838080e-01
 7.05118015e-01
 3.85565167e-01
 4.10611448e-02
 2.53688887e-01
 7.92865249e-01
 1.92723229e-02
 1.43936686e-01
 1.01300938e-01
 1.15042401e-02
 6.92456374e-01
 3.87770396e-01
 3.98939932e-01
 8.70088253e-01
 1.23782656e-01
 3.80384828e-01
 9.17343660e-01
 3.73366055e-01
 5.40421441e-01
 2.73286949e-01
 2.68665523e-01
 7.33884709e-02
 4.24170525e-01
 8.70043124e-01
 9.09895047e-01
 3.58631730e-02
 4.33528573e-01
 9.24646208e-01
 2.80044623e-01
 2.27624105e-01
 2.21770854e-01
 3.11748545e-01
 5.55736131e-01
 1.58726708e-01
 8.50918577e-01
 7.20472094e-01
 3.15387625e-01
 1.71444473e-01
 9.29496506e-01
 8.56968532e-01
 2.95508305e-01
 3.74199139e-01
 5.96351029e-01
 9.07907536e-01
 3.89020075e-01
 5.28011103e-01
 8.37487395e-01
 3.10785834e-01
 2.43810058e-01
 8.37817421e-01
 7.80947761e-01
 6.01566994e-01
 7.12950545e-01
 1.26127206e-01
 8.03789042e-01
 3.84831532e-01
 6.41776915e-01
 9.19271698e-01
 4.49811441e-01
 8.67850016e-01
 6.16753266e-01
 7.24053998e-01
 4.06103952e-01
 3.48351467e-02
 5.52868856e-01
 8.83932196e-01
 8.85109775e-01
 9.34988856e-01
 9.05195278e-01
 8.56524297e-01
 3.48524271e-01
 7.89169348e-01
 8.60210362e-01
 2.28748159e-01
 4.78219753e-01
 5.25196536e-01
 5.94292797e-01
 6.48469184e-01
 1.02379754e-01
 5.10936171e-01
 2.66815570e-01
 8.43417392e-01
 2.51141717e-01
 1.01540334e-01
 3.63934533e-01
 5.41412872e-01
 4.19190227e-01
 7.80153699e-01
 4.36123117e-01
 7.77230409e-01
 3.10661761e-01
 4.00966514e-01
 3.23363153e-01
 4.27247822e-01
 9.92967359e-01
 4.06847555e-01
 4.81742854e-01
 7.89583482e-01
 1.59351834e-01
 4.36760699e-01
 5.55687948e-01
 9.59646408e-01
 5.76303509e-02
 2.91018332e-01
 8.39769450e-01
 7.70160427e-01
 7.39917524e-01
 2.29553608e-01
 8.25619132e-01
 9.67412106e-01
 3.50415396e-01
 2.08528342e-02
 1.16907476e-01
 4.48668650e-02
 3.93906458e-01
 5.48229680e-01
 4.32796425e-01
 1.26255296e-02
 1.56688294e-01
 8.49033539e-01
 3.22180535e-01
 7.03317107e-01
 7.99153030e-01
 7.90880666e-01
 5.77151709e-01
 5.61298450e-01
 5.88977240e-01
 7.61230924e-01
 1.43330503e-01
 3.99010346e-01
 8.76824302e-01
 7.04289434e-01
 6.49850874e-01
 7.36409753e-02
 6.80146888e-01
 7.15747047e-01
 8.04651357e-01
 2.35276428e-01
 3.28275443e-02
 7.36158910e-01
 9.14171615e-01
 7.47669587e-01
 4.62624377e-01
 4.33080898e-01
 8.69499004e-01
 3.05918512e-01
 4.68710373e-01
 2.05182336e-01
 2.38605462e-01
 8.15349230e-01
 2.90915929e-01
 9.57049345e-01
 4.40479399e-01
 8.74079676e-01
 5.62392492e-01
 6.06426784e-01
 2.31141987e-01
 3.18594781e-01
 2.97837590e-01
 1.72072172e-01
 5.20051850e-01
 1.81021481e-01
 7.77342747e-01
 8.29286887e-01
 8.70574134e-01
 7.76567964e-01
 1.43679182e-01
 6.00527138e-01
 8.79139489e-01
 9.34457353e-01
 7.50714596e-01
 4.68085912e-03
 7.65806338e-01
 2.61131401e-01
 3.55498785e-01
 7.19552697e-01
 3.59070111e-01
 2.56500882e-01
 8.14545291e-01
 3.80754158e-01
 2.89104015e-01
 7.48787098e-01
 6.46642135e-01
 5.22718203e-01
 6.45628944e-01
 8.44749416e-01
 2.83424579e-01
 3.08160925e-01
 9.38016965e-01
 1.23356090e-01
 4.92999899e-01
 9.05000391e-02
 8.43650231e-01
 4.99815356e-01
 6.28980392e-01
 8.96886837e-01
 5.22865704e-01
 9.26951757e-01
 9.91043654e-01
 4.09774486e-01
 5.38398189e-01
 8.37791718e-01
 2.35594478e-01
 6.43109390e-02
 6.83054807e-01
 6.10603417e-01
 1.22549091e-01
 5.59885898e-01
 6.86747786e-01
 3.17086928e-01
 8.10466204e-01
 8.12272711e-01
 9.48956208e-01
 3.07162313e-01
 7.67979470e-01
 2.45829687e-01
 9.21146480e-01
 1.30984712e-01
 2.00256051e-01
 9.19939180e-01
 2.50921425e-01
 3.03406140e-01
 2.69910389e-01
 4.91652742e-01
 5.46568372e-01
 4.54087505e-01
 4.65067828e-01
 8.53851658e-01
 2.56556498e-02
 5.17178373e-01
 6.57842326e-01
 6.84724111e-01
 7.81064453e-01
 7.42532466e-01
 7.99909073e-02
 2.36247823e-01
 6.74301841e-01
 2.40871651e-01
 3.79464723e-01
 5.21666374e-01
 1.97675881e-01
 9.74675497e-01
 4.45241989e-01
 8.23592369e-01
 3.29375453e-01
 4.27545765e-01
 3.19241233e-02
 6.13423583e-01
 3.98518165e-01
 6.36369956e-01
 2.19458536e-01
 7.37192793e-01
 8.71885151e-01
 5.08690244e-01
 5.20951883e-01
 6.62907748e-01
 3.86373777e-02
 3.50548776e-01
 4.88871777e-01
 9.41187263e-01
 3.34439335e-01
 6.72178569e-01
 1.10888700e-01
 5.42805743e-01
 1.17134860e-01
 7.25122823e-01
 3.51191864e-01
 4.61695116e-01
 9.80814843e-01
 2.58992653e-01
 9.70280915e-01
 3.36951893e-01
 9.63002866e-01
 3.01923356e-01
 4.52512795e-01
 4.44668559e-01
 6.49640866e-01
 4.30425622e-01
 8.85237502e-01
 2.50396202e-01
 8.64022819e-01
 4.72246784e-01
 8.64212763e-01
 6.04308704e-01
 8.56529831e-01
 9.62137960e-01
 5.83285129e-01
 4.62786062e-01
 8.50591126e-01
 1.35084607e-01
 8.02445509e-01
 1.01386908e-01
 2.80720260e-01
 5.23003718e-01
 9.76459368e-01
 3.89916375e-01
 8.80777918e-01
 5.61521542e-02
 4.40529232e-01
 6.18910703e-01
 4.64566065e-01
 2.14270819e-01
 6.75851793e-01
 3.52294521e-01
 7.48711227e-01
 4.31121213e-02
 5.96958000e-01
 2.89655269e-01
 4.16617870e-01
 2.85720907e-01
 5.68585542e-01
 6.12998435e-01
 1.22395720e-01
 6.79656187e-01
 3.16102189e-01
 5.14720648e-01
 2.80792948e-01
 5.01357774e-01
 9.27213210e-01
 9.24584883e-01
 9.23064598e-01
 8.70561453e-01
 4.33950016e-01
 5.54592607e-02
 7.58111359e-01
 9.52531181e-01
 9.99049981e-01
 8.97618048e-01
 8.09272890e-01
 9.35423251e-01
 9.89552531e-01
 2.35252883e-01
 4.14432729e-01
 9.17038606e-01
 8.99863426e-01
 2.68949388e-01
 8.14780482e-01
 5.00837596e-01
 4.01568288e-01
 5.76103052e-01
 7.04803501e-01
 8.76952623e-01
 2.12169565e-02
 7.62648712e-01
 5.55366998e-01
 1.94400691e-01
 8.39459253e-01
 5.82915589e-01
 9.95698030e-01
 2.25160481e-01
 5.14863263e-02
 6.26634137e-01
 7.81259593e-01
 9.46828487e-02
 6.04740415e-01
 1.05773367e-01
 8.29427432e-01
 2.14433618e-01
 2.75411449e-01
 6.18882258e-01
 1.36862912e-01
 3.22661342e-01
 8.14260170e-01
 2.62330082e-01
 1.03807705e-01
 6.28804021e-01
 8.17395253e-01
 3.62590714e-01
 6.51096856e-01
 2.33361318e-01
 7.88176621e-02
 2.01401050e-01
 7.51575045e-01
 5.26422684e-01
 3.81007589e-01
 3.22102634e-01
 5.77832666e-01
 1.16381958e-01
 7.59976636e-01
 9.91783929e-01
 8.51751840e-01
 1.81476467e-01
 9.06076840e-01
 6.43981124e-01
 6.50939753e-01
 4.97040060e-01
 2.93045513e-01
 8.71245529e-01
 8.66448334e-01
 5.59993343e-01
 7.41844578e-01
 6.24260289e-01
 6.66742742e-01
 7.65537674e-01
 1.44918753e-01
 2.74392033e-01
 6.88825316e-01
 1.11596124e-01
 5.22859291e-01
 4.02184864e-01
 6.50665322e-01
 2.63232416e-02
 5.20104942e-01
 3.12225274e-01
 4.27842173e-01
 2.57560383e-01
 5.24497855e-01
 2.54001010e-01
 3.85037152e-01
 9.15935532e-01
 6.60113776e-01
 5.42387453e-01
 8.56137147e-01
 7.28590005e-01
 9.61063079e-01
 6.20803598e-01
 8.09450993e-01
 8.86997229e-01
 7.44643387e-01
 7.17332650e-01
 6.49120122e-01
 2.81616434e-01
 3.19787326e-01
 9.57385677e-01
 6.85819716e-01
 2.66918679e-01
 7.31153803e-01
 9.91734129e-01
 9.02542182e-01
 6.33788960e-01
 6.46335603e-01
 9.97635786e-01
 5.83689829e-01
 6.71254544e-01
 9.06740960e-01
 2.73758610e-01
 5.99391740e-01
 6.62726997e-01
 2.58768236e-01
 1.69260321e-01
 3.26271320e-01
 9.18117630e-01
 5.30511814e-01
 4.67361184e-01
 6.12454267e-01
 8.21703217e-01
 4.37472340e-01
 1.44022234e-01
 3.63022453e-01
 4.49319860e-01
 3.00166869e-01
 4.80160893e-01
 9.51235976e-01
 9.07389054e-01
 7.62586856e-01
 9.11247847e-01
 5.17248572e-01
 3.45202095e-01
 6.98178235e-01
 7.29451103e-01
 4.15098279e-03
 4.53912667e-01
 9.02368699e-01
 7.48922320e-01
 2.30960289e-01
 4.91361549e-01
 9.80623296e-01
 4.26222991e-01
 8.26218207e-01
 3.35021525e-01
 9.82446828e-01
 6.42164846e-01
 4.35265895e-01
 6.45922919e-01
 7.09475362e-01
 7.55134583e-01
 3.94795671e-01
 7.35054265e-01
 1.07430346e-01
 6.19660288e-01
 8.93750248e-02
 8.60520747e-01
 9.51127104e-01
 8.56347064e-01
 2.10517066e-01
 8.25241130e-01
 6.87947105e-01
 5.28105381e-01
 5.23202595e-01
 1.17956246e-01
 5.19657659e-01
 6.74467380e-01
 2.32426862e-01
 2.91860460e-01
 5.21059822e-01
 6.56418290e-02
 6.81033552e-02
 7.25161791e-01
 8.72592322e-01
 8.76994788e-03
 7.77078966e-01
 7.02154751e-01
 2.42137401e-02
 6.67602507e-01
 4.39731109e-01
 7.23013534e-01
 2.48280419e-01
 8.85752693e-01
 9.63912120e-01
 8.76468396e-01
 9.81717273e-01
 7.63753800e-01
 9.45078990e-01
 4.07127948e-01
 5.70534404e-01
 2.24345544e-01
 1.59554090e-01
 3.79486449e-01
 2.16881018e-01
 3.72368969e-01
 7.24048662e-01
 9.85392606e-01
 4.21014504e-02
 3.11283463e-01
 6.47244240e-01
 9.61767315e-01
 7.12325221e-01
 7.25321026e-01
 5.42192377e-01
 5.02494694e-01
 4.76905132e-01
 9.77626606e-01
 9.89063369e-01
 8.68486329e-01
 2.02252499e-01
 8.71546550e-01
 3.57598331e-01
 1.73173657e-01
 1.84616983e-01
 4.19534675e-01
 2.49742450e-01
 2.99177812e-02
 6.90900846e-01
 8.93000509e-01
 2.31222860e-01
 1.19938339e-01
 7.55701933e-01
 1.53241894e-01
 3.56311112e-01
 4.42112556e-01
 9.11656849e-01
 1.38444692e-01
 9.60367571e-02
 1.55254611e-01
 7.94300693e-02
 7.76764129e-01
 5.07714650e-01
 4.46246265e-01
 5.90833338e-02
 6.49446834e-01
 2.76977012e-01
 1.94124151e-01
 9.75369829e-01
 8.99980404e-01
 2.90893386e-01
 5.17729222e-01
 5.21676135e-01
 2.66262616e-01
 5.55896030e-01
 1.02312425e-01
 9.90741009e-01
 9.09642715e-01
 4.02339764e-01
 6.27303463e-01
 4.02121973e-01
 9.54784232e-01
 8.92656172e-01
 9.35053354e-01
 4.76726028e-01
 3.42477652e-01
 2.43689201e-01
 4.00104637e-01
 3.73168319e-01
 5.96768973e-01
 7.76020093e-01
 5.07587097e-01
 9.65876237e-01
 5.54033514e-01
 5.91262751e-01
 2.68944649e-01
 1.26524477e-01
 6.57341952e-01
 7.07547885e-02
 7.54893004e-01
 3.89243030e-01
 9.86005598e-01
 2.69266860e-01
 8.56871119e-01
 1.64481457e-01
 5.76863430e-01
 7.44223127e-01
 6.22442529e-01
 9.22139676e-01
 3.51475798e-01
 9.63730925e-01
 7.84456980e-01
 7.62215714e-01
 2.75389355e-01
 5.64959677e-01
 9.88870943e-01
 9.43331797e-01
 5.96238802e-01
 6.12279077e-01
 5.74077612e-01
 8.13790148e-01
 7.44779724e-01
 5.91702416e-01
 1.35838516e-01
 7.47879360e-01
 3.17438919e-01
 4.86823097e-03
 2.01324223e-01
 1.64054034e-01
 1.97107904e-01
 2.09777239e-01
 2.58372731e-01
 3.30497527e-01
 5.72195806e-01
 5.18477665e-01
 5.60841887e-01
 2.42964647e-01
 3.91573618e-01
 7.14273875e-02
 1.72540982e-01
 4.37940577e-01
 1.00070827e-01
 8.69508610e-01
 7.45932243e-01
 7.91699483e-01
 2.26927037e-01
 8.81254376e-01
 7.76945377e-01
 8.71646274e-01
 4.17794404e-01
 4.88919239e-01
 9.57053571e-01
 1.18952884e-01
 9.68712423e-01
 9.59017639e-01
 3.11953811e-01
 8.02559263e-01
 1.24364783e-01
 7.87099556e-01
 4.96570465e-01
 6.72991077e-01
 3.11397677e-01
 7.73933196e-01
 3.33356576e-01
 3.22792280e-01
 5.21556973e-02
 8.97564345e-02
 1.05809063e-01
 6.84160268e-01
 8.58271298e-01
 3.23535608e-01
 9.43332768e-01
 8.56059307e-01
 2.86593098e-02
 3.65247567e-01
 1.41819603e-01
 8.25350974e-01
 5.97123401e-01
 5.92273298e-01
 2.90525832e-01
 6.22311261e-01
 2.39585617e-01
 5.28468685e-02
 2.86104388e-01
 9.65087843e-02
 3.96287244e-01
 7.57064957e-02
 7.69261894e-01
 9.08368301e-01
 3.39460507e-01
 3.67709038e-02
 6.32038916e-02
 5.08856319e-01
 6.56284999e-01
 6.55897745e-01
 7.98513405e-01
 9.30412743e-01
 4.58038904e-01
 8.75815447e-01
 5.89340547e-01
 9.80877095e-01
 3.25264471e-01
 9.68530485e-01
 5.83222970e-01
 2.93931066e-01
 5.54925376e-01
 5.77647733e-01
 7.82665005e-03
 6.97749541e-01
 9.07878077e-01
 7.00830910e-02
 7.57763250e-01
 5.47506620e-01
 3.93146430e-01
 3.03268115e-01
 9.05300711e-01
 5.43408003e-01
 9.54835913e-01
 2.03255688e-01
 4.36620703e-01
 2.45456022e-01
 7.31031808e-01
 8.11086208e-01
 4.75318724e-01
 3.45182035e-01
 6.02789029e-01
 8.60685590e-01
 9.24059475e-01
 1.58310074e-01
 8.82074832e-01
 4.34421616e-01
 7.31972475e-01
 5.15530025e-01
 3.94745924e-01
 6.66922397e-01
 9.58536569e-01
 4.42593193e-01
 6.03575298e-01
 3.15346449e-01
 8.64376729e-01
 3.98166106e-01
 9.15902187e-01
 5.58367986e-01
 9.17129912e-01
 8.41817872e-01
 2.89431354e-01
 2.12953360e-01
 7.56324550e-01
 3.32865364e-01
 1.19600054e-01
 5.30083088e-01
 8.30160650e-01
 9.11071235e-01
 3.81365916e-01
 9.82520919e-01
 1.64260758e-01
 3.22891973e-01
 9.91042763e-02
 4.32607715e-01
 5.10866052e-01
 7.10467945e-01
 3.93651819e-01
 6.01859153e-01
 8.73615793e-01
 5.03935135e-01
 4.49833911e-01
 4.52627786e-01
 1.85365413e-01
 4.16529219e-01
 7.42601495e-01
 4.62777008e-01
 2.76888403e-01
 8.35577128e-01
 6.69665520e-01
 7.47854898e-01
 1.47488488e-01
 7.60366324e-01
 9.62373054e-01
 9.24184341e-01
 3.25943574e-03
 2.85958103e-01
 8.54703506e-01
 8.08030719e-01
 6.11395280e-01
 5.85926492e-01
 9.15602060e-01
 7.98934389e-01
 4.28392029e-01
 1.85494267e-01
 2.05824688e-01
 3.14139834e-01
 9.85986683e-01
 6.28066486e-01
 9.90566126e-01
 3.71624749e-01
 6.66582028e-01
 3.16421462e-01
 6.37092647e-01
 4.91923420e-01
 4.52327845e-01
 4.41920959e-01
 2.43307653e-01
 3.19943010e-01
 8.15221294e-01
 7.53745975e-01
 7.55759874e-02
 8.26471346e-01
 2.75209926e-01
 9.36124908e-01
 3.85334881e-01
 5.87209473e-01
 1.17606364e-01
 2.01232214e-01
 6.08885631e-01
 9.11566474e-01
 1.54262754e-01
 7.55816915e-01
 4.93370127e-01
 6.44316018e-02
 4.54854448e-01
 7.41556953e-01
 5.19442255e-01
 4.65029797e-01
 1.23765339e-01
 7.01775056e-01
 3.73166298e-01
 9.16619978e-01
 9.35620972e-01
 8.71509049e-01
 9.19380532e-01
 2.49805276e-01
 9.01362039e-01
 3.69411714e-01
 7.78390362e-01
 1.41859410e-02
 8.29178595e-01
 3.31572160e-01
 1.82526552e-01
 8.12206881e-02
 8.69910144e-01
 2.42826712e-01
 9.69948567e-01
 2.64051068e-01
 2.85813330e-01
 4.96846468e-01
 2.28087510e-01
 8.61249006e-01
 3.67069740e-01
 7.63312177e-01
 9.66558452e-01
 6.93564511e-01
 2.50183596e-01
 6.42603701e-02
 8.77888548e-01
 2.60550042e-01
 6.77348989e-01
 3.50260348e-01
 4.77244130e-01
 3.72018012e-01
 2.52592612e-01
 3.26795490e-01
 5.90211350e-01
 2.81293736e-01
 5.74723947e-01
 6.73594362e-01
 1.55747703e-01
 9.33101421e-01
 4.84255448e-01
 2.22616152e-01
 9.59841709e-01
 1.21255296e-01
 2.21548749e-01
 1.35845210e-01
 3.29969561e-01
 3.35855676e-01
 6.28844923e-01
 9.93530127e-01
 1.95455382e-01
 2.99442341e-01
 3.95483934e-01
 5.13689879e-01
 7.95319893e-01
 7.94813665e-01
 4.51232769e-01
 3.65461223e-01
 8.36859014e-02
 3.51525864e-01
 2.61954561e-01
 5.21798539e-01
 8.38413689e-01
 1.98306889e-01
 9.43521870e-01
 9.62416054e-01
 9.74259104e-01
 6.70536941e-01
 5.35194511e-01
 2.28098407e-01
 9.64850761e-01
 1.01186676e-02
 3.00099748e-01
 6.86248889e-02
 4.87164758e-01
 4.14904644e-01
 7.33983706e-01
 5.69800639e-01
 4.15416442e-01
 7.26186959e-02
 9.98820491e-01
 9.40067264e-01
 3.42535850e-01
 8.06359166e-01
 5.26046008e-01
 9.59297624e-01
 8.27812887e-01
 3.49262371e-01
 3.81739105e-01
 5.03213569e-01
 8.01409500e-01
 8.08329409e-01
 8.33220289e-01
 3.09797493e-01
 9.41447006e-01
 8.08204479e-01
 4.61566490e-01
 6.27697903e-01
 6.77212810e-01
 3.70511156e-03
 8.10786343e-01
 2.54587758e-01
 8.12891348e-02
 1.37495556e-01
 6.52653299e-01
 8.18847233e-01
 5.08061928e-01
 3.84359369e-01
 6.28860058e-01
 9.31509476e-02
 7.94202502e-01
 1.49368025e-01
 5.73166992e-01
 8.75512889e-01
 7.02070149e-01
 6.47794771e-01
 3.11861108e-01
 2.51464090e-01
 5.24630791e-01
 8.03792498e-01
 5.58284495e-01
 3.45759366e-02
 3.49499557e-01
 7.09797287e-01
 1.57857300e-01
 9.35321820e-01
 3.21364812e-01
 5.52996987e-01
 3.36059527e-01
 8.36185106e-01
 8.55279245e-02
 6.48173566e-01
 6.68877864e-01
 4.08312920e-01
 6.89753094e-01
 5.93245169e-01
 4.33658977e-01
 9.13090167e-01
 2.96879820e-01
 6.55261782e-01
 3.71816821e-01
 7.75619518e-01
 5.42880470e-02
 4.53838948e-01
 6.02458353e-01
 3.71827543e-01
 9.70167044e-01
 6.90123480e-01
 2.51728628e-01
 3.09840115e-01
 6.65432651e-01
 8.32969412e-01
 5.84685511e-01
 3.55125378e-01
 9.40250406e-01
 9.76296695e-01
 2.05761069e-01
 7.14491155e-01
 5.81230522e-01
 2.27259596e-01
 3.50967933e-01
 9.95766575e-02
 9.61696008e-01
 4.34277984e-01
 3.25410025e-01
 5.62700683e-01
 4.45170327e-01
 6.07456028e-02
 4.15566486e-01
 1.56662011e-02
 7.65696977e-01
 4.29432580e-01
 4.66503519e-01
 8.65801205e-02
 4.43021252e-01
 5.22468898e-01
 7.55783921e-02
 6.71829555e-02
 4.69522021e-01
 6.24655658e-01
 3.34101388e-01
 5.51206648e-01
 3.99065606e-01
 1.37138583e-02
 4.08456049e-01
 1.15203339e-01
 8.10811031e-01
 6.77665026e-01
 9.18776706e-02
 8.10190351e-01
 1.98402537e-01
 3.33064885e-02
 8.82775865e-01
 5.49222735e-01
 3.25408549e-01
 2.75714713e-03
 9.93737209e-01
 3.65853943e-01
 6.26651134e-01
 2.78514133e-01
 6.82420423e-01
 2.08530969e-01
 6.03251481e-01
 5.50973145e-01
 7.51791471e-02
 3.89408325e-01
 1.31395113e-01
 1.69626929e-01
 6.51647900e-01
 3.10414699e-01
 9.30087713e-01
 5.47874225e-01
 4.61679545e-01
 8.22746092e-02
 8.97567881e-01
 1.51465425e-01
 4.27190687e-01
 5.72690638e-01
 3.86132925e-01
 8.84319355e-03
 6.52639327e-01
 7.87585555e-01
 3.25569618e-01
 3.68400041e-02
 5.94687937e-01
 1.93363896e-01
 2.41562888e-01
 8.17832476e-01
 6.00121787e-01
 6.03158025e-01
 9.30314934e-01
 1.81528304e-01
 9.07877982e-01
 6.54156942e-01
 9.19310352e-01
 9.28922599e-01
 6.09418068e-01
 1.91033632e-01
 7.51013423e-01
 8.62949025e-01
 8.86210565e-01
 1.60519618e-01
 8.53515706e-01
 7.00246296e-01
 5.22514949e-01
 1.49525460e-01
 6.31965278e-01
 1.68343651e-01
 9.76156314e-01
 8.96692919e-01
 4.43963086e-01
 1.27422282e-01
 6.39409407e-01
 9.53841578e-01
 9.27731876e-01
 2.90523247e-01
 4.63364454e-01
 6.41253515e-01
 5.54681825e-01
 3.65089088e-01
 4.97111869e-01
 8.35648678e-01
 5.31488547e-01
 1.41068404e-01
 1.93274419e-01
 8.58370608e-01
 9.77548794e-01
 3.13805691e-01
 3.83549586e-01
 3.84336781e-01
 9.88780319e-01
 8.27600864e-02
 8.64792072e-01
 4.54647162e-01
 7.01381339e-01
 2.88891932e-01
 6.36176136e-01
 5.11952106e-01
 9.73029273e-01
 1.80951554e-01
 1.95895555e-01
 7.52050167e-01
 3.16506033e-01
 7.76940650e-01
 3.13057177e-01
 8.58184456e-01
 5.27595504e-01
 1.08332595e-01
 1.32380130e-01
 2.38706009e-01
 2.30455325e-01
 2.22428633e-01
 8.09985291e-01
 4.41125301e-01
 4.93034087e-01
 4.00854498e-01
 6.56280526e-01
 6.91495020e-01
 5.24243129e-01
 5.92607747e-01
 9.38896782e-01
 5.75872157e-01
 6.61944015e-01
 1.32407757e-01
 1.92867139e-01
 9.43125486e-01
 2.51550973e-01
 3.18728341e-02
 5.74042171e-01
 7.08697967e-01
 7.49372632e-01
 8.11590385e-01
 4.31565092e-01
 8.96977005e-01
 6.88743057e-02
 7.07228559e-01
 3.29999797e-01
 1.12220314e-01
 7.47056161e-01
 5.53714532e-01
 6.34021432e-01
 8.20336771e-01
 2.41654158e-01
 3.23083689e-01
 7.36985091e-01
 3.24252430e-01
 2.54535010e-01
 1.71792101e-01
 5.81356001e-01
 9.44319724e-02
 7.20447689e-01
 5.47448848e-01
 3.70557239e-01
 5.21995301e-01
 1.61626861e-01
 9.08405036e-01
 4.76373544e-01
 3.58766211e-01
 7.77228739e-01
 5.96087336e-03
 6.92303010e-01
 7.48793630e-01
 5.22704820e-01
 3.64628202e-01
 6.36459505e-02
 1.77467052e-01
 6.68453990e-01
 7.11309891e-01
 1.94016004e-01
 2.03419478e-02
 9.61705300e-01
 9.06619268e-01
 1.21714293e-01
 6.81762776e-01
 5.10495578e-01
 4.93229948e-01
 6.98704554e-01
 7.29828718e-01
 2.92331598e-01
 1.89427832e-02
 1.84591678e-01
 2.08653631e-01
 1.11398963e-01
 4.85206849e-01
 3.14591441e-01
 2.78992562e-01
 4.23904179e-01
 7.75763850e-01
 6.12712213e-01
 3.28037053e-01
 6.22470252e-01
 3.16140876e-01
 6.54262331e-01
 9.02131334e-01
 6.67709477e-01
 8.27699246e-01
 1.73644486e-02
 6.87129186e-01
 9.90035695e-01
 7.71122687e-02
 1.20511115e-01
 6.21130809e-01
 3.60117501e-01
 8.68388833e-01
 6.72845383e-01
 2.45479130e-02
 2.03554621e-01
 7.20664543e-01
 7.42250182e-01
 8.87637185e-01
 2.66406254e-01
 3.09290859e-02
 7.72713746e-01
 7.67219424e-01
 9.41666099e-01
 1.65153502e-01
 7.66855219e-01
 1.45797411e-01
 1.75208522e-02
 8.46289852e-02
 8.96936917e-01
 7.14866142e-01
 7.34433631e-01
 7.93032122e-01
 3.08563027e-01
 2.33842360e-01
 4.59087707e-01
 8.65491358e-01
 2.93525701e-02
 7.21954069e-01
 2.55981506e-01
 4.01774668e-01
 6.43837761e-01
 5.90898163e-01
 6.63084743e-01
 1.84401086e-01
 6.69071289e-01
 5.20866719e-01
 6.17206744e-01
 2.62744172e-01
 9.22470858e-01
 1.94425238e-01
 9.20475535e-02
 6.12728054e-01
 5.45818115e-01
 6.01310979e-01
 4.75804826e-01
 2.12506110e-01
 3.88414217e-01
 5.69293697e-01
 4.02150874e-01
 2.10761233e-01
 1.08930207e-02
 3.52127986e-01
 6.56167293e-01
 9.74998482e-01
 3.10931238e-02
 9.92000515e-01
 2.84337787e-01
 2.27968223e-01
 2.49879440e-01
 5.75499576e-01
 6.99088551e-01
 2.00728168e-01
 1.44377550e-01
 8.40505005e-01
 4.93743030e-01
 9.54694113e-01
 3.24461548e-01
 7.29885387e-01
 8.33205266e-01
 5.48238859e-01
 5.88955102e-01
 4.38807507e-02
 4.86393580e-01
 1.47146798e-01
 7.55983211e-01
 4.68766692e-01
 8.84412363e-01
 7.74300272e-01
 3.87680144e-01
 2.76493194e-01
 3.67393167e-01
 6.61157130e-01
 4.15729692e-01
 8.11290814e-01
 7.54867501e-02
 7.10959732e-01
 8.52841801e-01
 7.23771339e-01
 2.56578104e-01
 6.68480289e-01
 8.16152866e-01
 5.97129406e-01
 3.32173019e-01
 4.60319424e-01
 2.22567218e-01
 4.86542640e-01
 8.82019718e-02
 7.59124911e-01
 7.40624784e-01
 9.85077220e-01
 3.76507141e-01
 1.09445225e-01
 8.10562789e-01
 6.79498090e-01
 4.28521628e-01
 8.08332391e-01
 7.89539815e-01
 9.00806483e-02
 2.79441077e-01
 1.11022202e-01
 4.21499293e-01
 2.25362423e-01
 5.30776328e-01
 5.15585560e-01
 5.42547238e-01
 4.69816708e-01
 9.55955970e-01
 2.53819815e-02
 3.80388183e-01
 6.91025698e-01
 4.93003322e-01
 9.40869516e-01
 6.78367607e-01
 2.81977862e-01
 3.31198932e-01
 9.53857117e-01
 2.02016925e-02
 6.29695765e-01
 3.00568578e-01
 1.30275457e-01
 3.69755141e-02
 2.10582182e-03
 3.79383195e-01
 9.84958760e-01
 7.64547862e-01
 8.91960297e-01
 2.80972052e-01
 7.82942384e-01
 2.52554514e-01
 7.22585117e-01
 1.44998022e-01
 3.62166829e-01
 8.52193275e-02
 7.92595830e-02
 3.84385109e-01
 8.35079048e-01
 6.12097016e-01
 2.65077571e-01
 3.95831669e-01
 8.12468173e-01
 4.65563492e-01
 4.95374283e-01
 1.92714176e-01
 7.63142808e-01
 3.02892086e-01
 3.52282211e-01
 4.34785198e-01
 2.88761626e-01
 3.84501567e-01
 4.23678266e-01
 1.25165630e-02
 9.37045189e-02
 6.69417631e-02
 1.87570761e-01
 1.76882877e-01
 1.24421736e-01
 1.74973915e-01
 6.66182824e-01
 4.67972507e-01
 3.16026529e-01
 2.51651373e-01
 2.51592138e-01
 9.57899952e-01
 3.79186042e-01
 2.51195707e-02
 6.91151360e-01
 5.81356707e-02
 1.77006486e-01
 7.79958247e-01
 5.59426262e-01
 2.49025972e-02
 4.02275764e-01
 3.53624441e-01
 2.90943932e-01
 2.25824099e-01
 1.59411714e-01
 4.83311627e-01
 2.32166982e-01
 6.11356368e-02
 7.51427167e-01
 6.30208696e-01
 4.49091227e-01
 4.30496900e-01
 3.57402135e-01
 9.13118668e-01
 6.87980341e-01
 1.22864278e-01
 1.68478130e-01
 1.88398635e-01
 1.87084469e-01
 9.14109432e-01
 9.30474526e-01
 5.12683395e-01
 8.78786971e-01
 1.02058225e-01
 3.76512383e-01
 8.53237706e-01
 8.26873462e-01
 2.94414409e-01
 1.91750744e-01
 5.70331799e-01
 5.50634700e-01
 9.31089077e-01
 9.88854888e-01
 1.84464190e-01
 9.36037433e-01
 7.26854020e-01
 1.39019549e-01
 9.06075022e-01
 9.31867728e-01
 5.70322270e-01
 2.77217518e-01
 7.07664535e-01
 8.09492643e-02
 1.24659255e-01
 8.42441517e-01
 6.03905731e-01
 3.54859245e-01
 2.17926970e-01
 6.42519373e-01
 8.68589764e-01
 2.07100224e-02
 9.42424882e-01
 1.61028679e-01
 9.00105054e-01
 4.84385494e-01
 3.03735778e-01
 1.96703440e-01
 7.39861698e-01
 5.13571791e-01
 5.35945681e-01
 2.00689044e-01
 4.21524009e-01
 6.93519575e-01
 8.25543181e-01
 7.31365205e-01
 8.95027205e-01
 4.75099010e-01
 8.31308039e-01
 1.36347521e-01
 4.40066785e-01
 9.98125586e-01
 4.44981054e-01
 4.77908102e-01
 9.95175555e-01
 5.42234270e-01
 2.99438353e-04
 2.05436349e-01
 9.96632113e-01
 5.25335182e-01
 4.97991498e-01
 2.83701072e-01
 6.32110766e-01
 2.82534420e-01
 3.59587463e-01
 1.35051121e-01
 5.06480512e-01
 1.24412500e-01
 9.49770032e-01
 3.47538067e-02
 1.98036375e-01
 8.49087756e-01
 1.11216171e-01
 7.28490309e-01
 9.78040492e-01
 2.88307403e-01
 9.34096284e-01
 8.25748610e-01
 3.53976072e-01
 6.05465947e-01
 1.85689615e-01
 4.33474878e-01
 4.73782220e-01
 1.64932446e-01
 4.18454920e-01
 7.84693853e-01
 2.44525076e-01
 3.94369374e-01
 6.99743863e-01
 8.03035122e-01
 3.21279475e-01
 9.44504339e-01
 6.61230062e-02
 8.02284762e-01
 1.53877006e-01
 3.58159500e-01
 9.95515807e-01
 5.16043876e-01
 9.42986682e-01
 3.91968467e-01
 7.02848574e-01
 8.83470192e-01
 8.66387003e-01
 3.65585211e-01
 1.16968524e-01
 1.21566310e-01
 1.41901247e-01
 2.40492584e-01
 2.89409010e-01
 9.96148649e-01
 8.32941897e-01
 2.09603165e-01
 7.79891372e-01
 2.61335571e-01
 1.11075065e-01
 2.16737885e-01
 7.81616395e-01
 2.48219997e-01
 5.28063406e-01
 7.83832991e-01
 9.12704821e-01
 1.72471495e-01
 4.08543302e-01
 9.44673101e-01
 4.47697559e-01
 5.24070490e-01
 2.38621709e-01
 3.20349912e-01
 3.85666949e-01
 8.55300313e-01
 3.35541437e-01
 5.51614906e-02
 9.87426227e-01
 2.20375739e-02
 9.40068864e-01
 9.48625565e-01
 4.96587810e-01
 1.39358099e-01
 3.64809969e-01
 1.02076783e-01
 3.89059764e-01
 4.00645562e-01
 3.93505107e-01
 2.87837899e-01
 3.44979864e-01
 6.51713287e-01
 1.89056944e-01
 4.74948119e-01
 7.17491842e-01
 1.26085657e-01
 5.25267885e-01
 4.91478401e-01
 3.17283296e-01
 1.31927080e-01
 8.79449671e-01
 6.10874818e-01
 7.66313804e-01
 6.98766107e-01
 3.57779379e-01
 6.65122683e-01
 8.65770334e-01
 1.63115437e-01
 3.16205254e-01
 8.02609457e-01
 4.01506135e-01
 4.02140553e-01
 1.88918217e-01
 9.01521643e-02
 7.66655832e-01
 3.84618522e-01
 6.45174131e-01
 1.92949170e-01
 6.12473525e-01
 6.98590442e-01
 1.59485659e-01
 2.23560507e-01
 1.54971395e-01
 6.81688194e-01
 5.70087409e-01
 6.06500078e-01
 3.69009312e-01
 5.49014340e-01
 9.63550666e-02
 9.59291290e-01
 4.27837761e-02
 8.85439688e-01
 7.09565859e-01
 9.85357739e-02
 5.92522886e-01
 2.14409161e-01
 4.66946235e-01
 8.53796121e-01
 2.49363809e-01
 1.76969753e-01
 7.61636748e-01
 8.64355475e-01
 8.31436312e-01
 7.50926111e-01
 5.98847121e-01
 9.67061131e-01
 8.44491876e-01
 1.43161750e-02
 5.08796503e-01
 8.81519053e-01
 6.36577911e-01
 7.15882524e-01
 9.47135684e-02
 5.96722506e-01
 8.42611968e-01
 8.82857878e-01
 1.32456666e-01
 8.09800197e-01
 3.30607444e-01
 4.00244230e-01
 6.73090275e-01
 3.93725533e-01
 9.92236066e-01
 7.13714754e-01
 4.22851770e-01
 2.62621145e-01
 5.39892096e-01
 9.86051030e-01
 2.33499776e-01
 9.72708360e-01
 2.62005505e-01
 2.25015538e-01
 5.90310428e-01
 9.38339488e-01
 7.13276812e-01
 2.01961846e-01
 1.07004971e-01
 3.02221177e-01
 4.04998285e-01
 8.51489728e-01
 2.21163500e-01
 5.75396681e-01
 9.04221755e-01
 4.54233793e-02
 2.58955915e-01
 3.77730085e-01
 1.83167458e-01
 8.65748702e-01
 1.93360275e-01
 4.46037399e-01
 2.04906000e-01
 4.57974550e-01
 8.10049706e-01
 1.92723778e-01
 2.30312458e-01
 6.36018166e-01
 3.07297229e-01
 9.82292742e-01
 8.40377803e-01
 4.73637054e-01
 9.47469468e-01
 2.59729230e-01
 7.11661087e-01
 2.27897829e-02
 4.89096502e-01
 9.81532780e-01
 1.49583542e-01
 2.21919614e-01
 9.39851023e-01
 4.62875890e-01
 4.38811189e-01
 3.57539350e-01
 2.78988846e-01
 4.92367872e-01
 3.70273085e-02
 5.16600324e-01
 2.50647181e-02
 7.80339623e-01
 4.02278069e-02
 4.17085356e-01
 9.62132099e-01
 4.91039663e-01
 9.41890647e-01
 6.29965539e-01
 5.36901452e-01
 5.87080400e-01
 9.82671328e-01
 3.68611579e-01
 9.48443181e-01
 7.30966953e-01
 4.09625222e-01
 4.74282082e-01
 6.56647303e-01
 5.33355350e-01
 8.92764019e-01
 7.98631261e-01
 6.76016374e-01
 6.79636542e-01
 7.63724689e-01
 1.91738739e-01
 1.55204863e-01
 3.83590695e-01
 9.86422510e-01
 9.00110511e-01
 6.73504970e-01
 2.85611873e-01
 7.18408092e-01
 8.07963824e-01
 4.42238291e-01
 7.75757910e-01
 9.75651440e-01
 4.31704340e-01
 5.09415638e-01
 6.50854907e-02
 2.36148918e-01
 5.41766647e-01
 2.17138329e-01
 7.60129486e-01
 1.66724494e-01
 7.56978581e-01
 3.25741906e-01
 2.14129855e-01
 7.95391655e-01
 1.72638796e-01
 9.46430505e-01
 7.02607848e-01
 9.36973127e-01
 1.39602174e-02
 7.27499893e-01
 6.23878214e-01
 2.92669691e-01
 3.26351825e-01
 6.07056665e-01
 1.92117175e-01
 6.48051153e-01
 9.69584639e-01
 9.41280064e-01
 4.66189691e-01
 7.66374498e-01
 6.05037910e-01
 7.97449596e-01
 2.48652520e-01
 6.59535592e-01
 3.95733178e-01
 2.37498014e-01
 7.88079514e-01
 7.01359394e-01
 8.82487658e-01
 6.77395616e-02
 4.17673575e-01
 4.71691228e-02
 3.27571638e-01
 2.00901432e-01
 3.29090415e-01
 9.14566701e-01
 9.47080160e-02
 1.60956481e-01
 9.69147271e-01
 8.67969000e-01
 2.58691392e-01
 8.88939060e-01
 3.33281459e-02
 3.33158995e-02
 4.11483321e-01
 4.33434321e-01
 2.29404893e-01
 7.97552964e-02
 6.83554075e-02
 5.85369489e-01
 3.80091776e-01
 7.91800964e-01
 1.78489050e-01
 7.98435539e-01
 1.30138311e-01
 8.74431535e-01
 5.54760389e-01
 5.10988450e-01
 3.73584763e-01
 4.91282444e-01
 6.33392962e-01
 7.43633338e-01
 7.60633114e-01
 4.68218399e-01
 3.17961600e-01
 6.14238525e-01
 2.36906329e-01
 3.26661604e-01
 8.29080920e-01
 9.28000964e-01
 2.48384526e-01
 1.28451026e-01
 6.23001085e-02
 9.23746859e-01
 6.03933393e-01
 4.00958500e-01
 1.73299144e-01
 5.74331316e-02
 3.45940388e-01
 6.82388741e-01
 4.65710285e-01
 8.78018903e-01
 6.44114614e-01
 8.88708258e-01
 8.18846289e-01
 2.13169240e-01
 6.34152986e-01
 8.23502033e-01
 3.37242824e-01
 4.90262900e-01
 6.92912753e-01
 6.95471111e-01
 4.70371717e-01
 1.07599910e-01
 2.12750046e-01
 9.58743042e-01
 6.95101676e-01
 3.01787648e-01
 7.26362084e-01
 9.02939635e-01
 7.29076152e-01
 9.04069197e-01
 3.57624204e-02
 8.62655255e-01
 7.14893874e-01
 7.25590661e-02
 8.63980348e-01
 9.06790528e-01
 4.87384116e-01
 2.31976950e-01
 9.56366012e-01
 9.64080685e-02
 4.41070855e-01
 9.36130319e-01
 7.29573623e-01
 9.30707234e-01
 1.96663534e-01
 6.18822357e-01
 8.04802056e-01
 6.22432635e-01
 3.85743167e-01
 3.04255594e-01
 6.14665919e-02
 4.21501745e-01
 5.28514320e-01
 1.21514775e-01
 5.04906059e-01
 3.05349412e-01
 2.36624366e-01
 4.68707410e-01
 5.38071395e-01
 8.46895056e-01
 3.69753024e-01
 2.99976514e-02
 8.94960876e-01
 7.14186365e-01
 4.74660154e-01
 3.40595428e-02
 7.86288762e-01
 8.39234342e-01
 1.81039779e-01
 4.94162063e-01
 2.35745506e-01
 3.76650103e-01
 1.62084761e-01
 5.31755932e-02
 1.82967195e-01
 8.30233240e-01
 3.96396518e-01
 4.28789928e-01
 6.52225993e-02
 8.70194362e-01
 1.85997508e-01
 3.11146399e-01
 4.07967136e-01
 5.10769248e-01
 2.60010120e-01
 9.56619222e-01
 4.32497277e-01
 6.21417013e-01
 1.53357105e-01
 3.82790068e-01
 8.92492009e-01
 3.94575073e-01
 2.78093715e-01
 2.86801034e-01
 8.86240932e-01
 2.92462712e-01
 3.11621294e-01
 7.74200784e-01
 5.67145229e-01
 8.58312024e-01
 7.54744402e-01
 9.12710702e-01
 5.37808124e-01
 8.83464538e-01
 8.01372078e-01
 7.00276958e-01
 2.43787446e-01
 1.19352984e-01
 1.46589703e-01
 1.65721395e-01
 9.26355670e-01
 9.43396960e-01
 2.54942958e-01
 3.84184841e-01
 1.59034372e-01
 7.81044716e-01
 1.38956979e-01
 1.77494330e-01
 3.03922461e-01
 9.30768334e-01
 5.16529344e-01
 8.30078429e-01
 8.93621124e-01
 3.88077512e-01
 9.98569664e-02
 1.36413577e-01
 3.37011970e-01
 7.10140266e-01
 5.35134164e-01
 1.26256754e-01
 8.78131517e-01
 1.03660071e-01
 2.37121997e-01
 3.92003277e-01
 3.16986574e-01
 8.16668262e-01
 1.49596662e-01
 6.15533259e-01
 2.06449275e-02
 3.78585361e-01
 7.67964383e-01
 7.25793224e-01
 2.64565201e-01
 7.62760309e-01
 5.76419180e-01
 6.85076801e-01
 8.20308842e-01
 8.19824549e-02
 9.79027078e-01
 2.84869332e-01
 8.99389714e-03
 5.11276117e-01
 4.83046907e-01
 7.42453966e-01
 5.94519960e-01
 3.98142186e-01
 6.10444608e-02
 2.87013445e-01
 5.07714653e-01
 1.91183555e-01
 9.93764673e-01
 8.27453585e-01
 6.62062056e-01
 9.27534187e-01
 7.66286569e-01
 4.00637572e-01
 2.92070600e-01
 1.69654208e-01
 8.43591046e-01
 8.61598411e-01
 4.75103081e-01
 2.03492274e-01
 3.04440786e-01
 8.25790249e-01
 7.15640573e-01
 5.83704173e-03
 1.81768163e-01
 8.89937056e-03
 2.88259071e-01
 3.11893054e-01
 9.22166639e-02
 3.56901738e-01
 1.56946575e-01
 4.55699048e-01
 1.72995023e-01
 6.77548140e-02
 2.44378615e-01
 5.72040209e-01
 8.45405429e-01
 6.72150156e-01
 6.99455024e-01
 7.17981346e-01
 8.84881247e-01
 5.46180787e-01
 9.82443810e-01
 3.72027235e-02
 1.75088263e-01
 4.54114919e-01
 9.26009811e-02
 1.11125047e-01
 4.33350788e-01
 4.09705493e-01
 8.90016880e-01
 3.15260546e-01
 1.37504829e-02
 5.87215004e-01
 3.05695087e-01
 6.81550592e-01
 6.24753317e-01
 4.93838245e-01
 8.58033964e-01
 3.15565334e-01
 3.58330295e-02
 9.22147873e-01
 4.03092702e-01
 5.88280996e-01
 1.29626508e-01
 7.34125996e-01
 8.87692421e-01
 6.66155692e-01
 3.29659306e-01
 1.00664194e-01
 5.77934304e-01
 4.16958129e-01
 8.38515272e-02
 8.03711662e-01
 3.98515506e-01
 1.40366842e-01
 7.48123067e-01
 8.38635530e-01
 9.52477876e-01
 3.98024808e-01
 6.54282271e-01
 6.21004615e-01
 9.65840515e-01
 4.82266511e-02
 5.51993298e-01
 3.37772333e-01
 1.18852192e-01
 3.90665981e-01
 2.37474324e-01
 9.51669643e-01
 3.34776096e-01
 6.19997035e-01
 1.83264692e-01
 8.70918567e-01
 4.28072911e-01
 9.96464004e-01
 9.55541593e-01
 6.88441684e-01
 7.68293090e-01
 7.92295226e-02
 8.95212030e-01
 6.68144560e-01
 8.06717410e-01
 4.12420410e-01
 9.08636239e-01
 4.40576332e-01
 1.10793217e-01
 8.07032690e-01
