 5.31881180e+02
 5.31845465e+02
 5.25411544e+02
 5.22596421e+02
 5.20665394e+02
 5.16441047e+02
 5.28637258e+02
 5.22778781e+02
 5.10985526e+02
 5.30335212e+02
 5.24073135e+02
 5.11463645e+02
 5.09649365e+02
 5.27374181e+02
 5.24305393e+02
 5.21675077e+02
 5.20502698e+02
 5.18792928e+02
 5.24174625e+02
 5.26239717e+02
 5.14765720e+02
 5.13920379e+02
 5.15473002e+02
 5.25335294e+02
 5.23566785e+02
 5.20946496e+02
 5.25818324e+02
 5.23345650e+02
 5.28643689e+02
 5.15040481e+02
 5.12531678e+02
 5.21426707e+02
 5.34847775e+02
 5.10021916e+02
 5.12357954e+02
 5.22310927e+02
 5.20518537e+02
 5.13963496e+02
 5.25641429e+02
 5.21635707e+02
 5.10737364e+02
 5.20161041e+02
 5.29291711e+02
 5.20941221e+02
 5.26974906e+02
 5.09989374e+02
 5.25153835e+02
 5.28813400e+02
 5.16231159e+02
 5.26547362e+02
 5.15562961e+02
 5.12043478e+02
 5.20666631e+02
 5.29412718e+02
 5.32234983e+02
 5.28985016e+02
 5.20427890e+02
 5.19022249e+02
 5.25496915e+02
 5.19158214e+02
 5.04378785e+02
 5.24609300e+02
 5.25134884e+02
 5.27263571e+02
 5.25162624e+02
 5.24163121e+02
 5.31831966e+02
 5.26152301e+02
 5.21525765e+02
 5.22752182e+02
 5.25957658e+02
 5.25783564e+02
 5.25193935e+02
 5.27068978e+02
 5.22587508e+02
 5.14218203e+02
 5.29694495e+02
 5.37139037e+02
 5.14156754e+02
 5.27869277e+02
 5.23437154e+02
 5.30498716e+02
 5.21562244e+02
 5.31661672e+02
 5.23920045e+02
 5.29527130e+02
 5.16946060e+02
 5.24358593e+02
 5.22959162e+02
 5.34320214e+02
 5.18225180e+02
 5.12302227e+02
 5.11546665e+02
 5.13442788e+02
 5.19763365e+02
 5.22805961e+02
 5.24475740e+02
 5.19525420e+02
 5.23593033e+02
 5.14604938e+02
 5.37192981e+02
 5.09214720e+02
 5.15791726e+02
 5.07146850e+02
 5.17580441e+02
 5.15779440e+02
 5.11659748e+02
 5.34086010e+02
 5.36132236e+02
 5.20201709e+02
 5.27309855e+02
 5.37698813e+02
 5.13293355e+02
 5.23362852e+02
 5.10542065e+02
 5.24957627e+02
 5.28287006e+02
 5.13091761e+02
 5.10728196e+02
 5.21455672e+02
 5.28225926e+02
 5.26573584e+02
 5.29308472e+02
 5.13538361e+02
 5.26738316e+02
 5.13526527e+02
 5.28393269e+02
 5.20419948e+02
 5.31345552e+02
 5.26284483e+02
 5.18274152e+02
 5.14720752e+02
 5.19711789e+02
 5.22126503e+02
 5.22009646e+02
 5.30205030e+02
 5.33428531e+02
 5.11096659e+02
 5.28399815e+02
 5.25217433e+02
 5.23974446e+02
 5.28392480e+02
 5.17881560e+02
 5.25188604e+02
 5.06919616e+02
 5.21072685e+02
 5.22735033e+02
 5.19960009e+02
 5.21246578e+02
 5.26476981e+02
 5.20889111e+02
 5.33386130e+02
 5.12986234e+02
 5.11255676e+02
 5.29944427e+02
 5.19000457e+02
 5.31758841e+02
 5.17386177e+02
 5.12305732e+02
 5.21002712e+02
 5.16199952e+02
 5.18237933e+02
 5.22662734e+02
 5.22063821e+02
 5.11047990e+02
 5.19569310e+02
 5.23473211e+02
 5.22531762e+02
 5.06242914e+02
 5.23331931e+02
 5.20398340e+02
 5.29765147e+02
 5.17879308e+02
 5.21353323e+02
 5.22902013e+02
 5.17088414e+02
 5.21071459e+02
 5.26066841e+02
 5.06424216e+02
 5.21830804e+02
 5.22808313e+02
 5.16633133e+02
 5.13854616e+02
 5.16698704e+02
 5.18498832e+02
 5.14189004e+02
 5.33778873e+02
 5.21045201e+02
 5.30408513e+02
 5.14468228e+02
 5.15346153e+02
 5.20828083e+02
 5.09168515e+02
 5.15262736e+02
 5.08376697e+02
 5.28360561e+02
 5.33966239e+02
 5.11695509e+02
 5.13908151e+02
 5.14188418e+02
 5.34931583e+02
 5.04897707e+02
 5.38273274e+02
 5.19949166e+02
 5.28357234e+02
 5.14622500e+02
 5.13864906e+02
 5.28583397e+02
 5.28639214e+02
 5.32529978e+02
 5.29158924e+02
 5.18578295e+02
 5.26387433e+02
 5.35539687e+02
 5.24219592e+02
 5.22783049e+02
 5.18657545e+02
 5.15128959e+02
 5.17579403e+02
 5.12214518e+02
 5.27192112e+02
 5.18836133e+02
 5.16524923e+02
 5.19523324e+02
 5.22793467e+02
 5.27920336e+02
 5.37722968e+02
 5.17726469e+02
 5.19841955e+02
 5.40903954e+02
 5.09628931e+02
 5.28131821e+02
 5.13503275e+02
 5.17081662e+02
 5.26168009e+02
 5.12164249e+02
 5.16192526e+02
 5.18540668e+02
 5.05527520e+02
 5.21913351e+02
 5.17730466e+02
 5.26627175e+02
 5.28437670e+02
 5.26680206e+02
 5.17588366e+02
 5.24441227e+02
 5.05988665e+02
 5.06200380e+02
 5.31971336e+02
 5.18768151e+02
 5.15687825e+02
 5.36333736e+02
 5.20661759e+02
 5.28228633e+02
 5.23317686e+02
 5.20578004e+02
 5.18799925e+02
 5.16826216e+02
 5.15744611e+02
 5.05852039e+02
 5.29701050e+02
 5.37219665e+02
 5.03292037e+02
 5.26134242e+02
 5.14833416e+02
 5.40818356e+02
 5.25358763e+02
 5.20401932e+02
 5.20635316e+02
 5.31675982e+02
 5.13286891e+02
 5.22040524e+02
 5.25121192e+02
 5.20492266e+02
 5.31621799e+02
 5.23668564e+02
 5.20788719e+02
 5.28613292e+02
 5.27537611e+02
 5.20846318e+02
 5.23473330e+02
 5.23807296e+02
 5.23727755e+02
 5.21375806e+02
 5.15012736e+02
 5.24835729e+02
 5.35400644e+02
 5.24452564e+02
 5.37384686e+02
 5.32694469e+02
 5.35900941e+02
 5.29912174e+02
 5.05739644e+02
 5.27806082e+02
 5.27638426e+02
 5.17217179e+02
 5.13415919e+02
 5.25679619e+02
 5.16882390e+02
 5.27664492e+02
 5.14715732e+02
 5.28059779e+02
 5.33695463e+02
 5.34601558e+02
 5.20547695e+02
 5.28863148e+02
 5.07707032e+02
 5.16162662e+02
 5.21948703e+02
 5.39473149e+02
 5.21477265e+02
 5.14664266e+02
 5.25164763e+02
 5.21991470e+02
 5.19274022e+02
 5.31960005e+02
 5.36810868e+02
 5.33199533e+02
 5.17867271e+02
 5.40541508e+02
 5.04183775e+02
 5.27226873e+02
 5.23600567e+02
 5.11516340e+02
 5.19851012e+02
 5.17954354e+02
 5.24809565e+02
 5.23646437e+02
 5.17445265e+02
 5.27248916e+02
 5.26095815e+02
 5.21270096e+02
 5.23867296e+02
 5.25030470e+02
 5.27780088e+02
 5.24227466e+02
 5.22066261e+02
 5.34311614e+02
 5.14648806e+02
 5.19146672e+02
 5.30543195e+02
 5.18743637e+02
 5.15016301e+02
 5.10565408e+02
 5.30748246e+02
 5.11429306e+02
 5.27007161e+02
 5.24168199e+02
 5.17737114e+02
 5.27704763e+02
 5.16111320e+02
 5.19941283e+02
 5.13259892e+02
 5.26419466e+02
 5.15689100e+02
 5.21193708e+02
 5.21503130e+02
 5.07143127e+02
 5.19278020e+02
 5.17462931e+02
 5.15399000e+02
 5.21125871e+02
 5.18731709e+02
 5.27387394e+02
 5.24123334e+02
 5.13280030e+02
 5.08520627e+02
 5.12023785e+02
 5.24890483e+02
 5.19153130e+02
 5.20363796e+02
 5.13189722e+02
 5.10364198e+02
 5.23633635e+02
 5.26235845e+02
 5.23971637e+02
 5.18627431e+02
 5.18799987e+02
 5.26967501e+02
 5.22507681e+02
 5.22477264e+02
 5.26481945e+02
 5.21368046e+02
 5.22073911e+02
 5.20115447e+02
 5.20779084e+02
 5.28341842e+02
 5.20281994e+02
 5.26917835e+02
 5.23786254e+02
 5.21706207e+02
 5.14362251e+02
 5.09017064e+02
 5.16436257e+02
 5.07126869e+02
 5.22624094e+02
 5.39971474e+02
 5.25493672e+02
 5.18034184e+02
 5.20187223e+02
 5.27160657e+02
 5.31617704e+02
 5.26305530e+02
 5.30051501e+02
 5.25698816e+02
 5.25770483e+02
 5.25914240e+02
 5.21252528e+02
 5.37824740e+02
 5.17665397e+02
 5.16251227e+02
 5.15391086e+02
 5.34386763e+02
 5.05052321e+02
 5.28585011e+02
 5.19619153e+02
 5.19032490e+02
 5.19240909e+02
 5.34348091e+02
 5.15760835e+02
 5.18364292e+02
 5.10298119e+02
 5.16173657e+02
 5.27727949e+02
 5.14053356e+02
 5.31412909e+02
 5.03171192e+02
 5.12760805e+02
 5.23193862e+02
 5.22361763e+02
 5.14602573e+02
 5.25393585e+02
 5.24197313e+02
 5.22488442e+02
 5.21614356e+02
 5.11772222e+02
 5.23285895e+02
 5.10471029e+02
 5.15281036e+02
 5.31339994e+02
 5.18082504e+02
 5.15601426e+02
 5.16695907e+02
 5.23392281e+02
 5.26463690e+02
 5.32042367e+02
 5.34213631e+02
 5.13971973e+02
 5.21807184e+02
 5.23647046e+02
 5.37295463e+02
 5.15931689e+02
 5.20347877e+02
 5.15868238e+02
 5.16240208e+02
 5.21064848e+02
 5.42452669e+02
 5.17567405e+02
 5.39437506e+02
 5.11576336e+02
 5.16785197e+02
 5.08445062e+02
 5.11253854e+02
 5.18990293e+02
 5.24229180e+02
 5.24389535e+02
 5.27717584e+02
 5.19120225e+02
 5.19739333e+02
 5.25861999e+02
 5.17717896e+02
 5.26452993e+02
 5.25020918e+02
 5.31767526e+02
 5.25914230e+02
 5.13274422e+02
 5.13413747e+02
 5.19983108e+02
 5.09618832e+02
 5.23167678e+02
 5.35214935e+02
 5.31448264e+02
 5.22281917e+02
 5.19204469e+02
 5.28864441e+02
 5.20713161e+02
 5.19963711e+02
 5.22842200e+02
 5.10486823e+02
 5.16474422e+02
 5.39339472e+02
 5.21593330e+02
 5.14832611e+02
 5.16187703e+02
 5.02559400e+02
 5.24536868e+02
 5.33467332e+02
 5.18304483e+02
 5.32622629e+02
 5.18816472e+02
 5.16055600e+02
 5.20051958e+02
 5.27346640e+02
 5.22106888e+02
 5.22511061e+02
 5.24046827e+02
 5.13297241e+02
 5.07315495e+02
 5.31836195e+02
 5.21925381e+02
 5.16508084e+02
 5.28364177e+02
 5.18625283e+02
 5.32061979e+02
 5.21440628e+02
 5.17301535e+02
 5.15826685e+02
 5.21064771e+02
 5.25272394e+02
 5.28165593e+02
 5.20468831e+02
 5.25792746e+02
 5.17871880e+02
 5.15051673e+02
 5.03399399e+02
 5.33375975e+02
 5.09945124e+02
 5.18216871e+02
 5.17269224e+02
 5.10001157e+02
 5.20028867e+02
 5.20105703e+02
 5.08840055e+02
 5.26523737e+02
 5.38859336e+02
 5.16424952e+02
 5.17844031e+02
 5.12629475e+02
 5.13406452e+02
 5.24232455e+02
 5.22214088e+02
 5.28443203e+02
 5.22159661e+02
 5.27231885e+02
 5.23775810e+02
 5.19436599e+02
 5.25850179e+02
 5.26429029e+02
 5.33188973e+02
 5.25115790e+02
 5.18237395e+02
 5.14470404e+02
 5.23755770e+02
 5.19247135e+02
 5.23005262e+02
 5.20265390e+02
 5.28695924e+02
 5.10605748e+02
 5.13451209e+02
 5.26744187e+02
 5.22361779e+02
 5.16231511e+02
 5.21693022e+02
 5.18414155e+02
 5.20466695e+02
 5.25797824e+02
 5.24716385e+02
 5.19350477e+02
 5.22472291e+02
 5.18663028e+02
 5.25691380e+02
 5.18798161e+02
 5.18903612e+02
 5.31226010e+02
 5.14095691e+02
 5.14282574e+02
 5.23782710e+02
 5.21498505e+02
 5.20429197e+02
 5.19735162e+02
 5.34895072e+02
 5.25998559e+02
 5.28815353e+02
 5.37787092e+02
 5.28961164e+02
 5.25130985e+02
 5.14582530e+02
 5.29820936e+02
 5.31714646e+02
 5.09410527e+02
 5.24904967e+02
 5.09000462e+02
 5.12687305e+02
 5.15728610e+02
 5.23717131e+02
 5.12551949e+02
 5.22789554e+02
 5.12681944e+02
 5.26011239e+02
 5.30388290e+02
 5.25151725e+02
 5.12511150e+02
 5.07824181e+02
 5.07972431e+02
 5.23472781e+02
 5.26177558e+02
 5.31828940e+02
 5.17383884e+02
 5.31136000e+02
 5.25210526e+02
 5.22030566e+02
 5.21194637e+02
 5.22945415e+02
 5.14644523e+02
 5.37135789e+02
 5.13743044e+02
 5.22264240e+02
 5.12637194e+02
 5.39807557e+02
 5.23289306e+02
 5.12755095e+02
 5.24464844e+02
 5.33476871e+02
 5.24559447e+02
 5.18487617e+02
 5.20781746e+02
 5.19752675e+02
 5.22754063e+02
 5.22485756e+02
 5.28066247e+02
 5.40757847e+02
 5.03674866e+02
 5.28317357e+02
 5.24531507e+02
 5.24479486e+02
 5.27844612e+02
 5.18628601e+02
 5.22662998e+02
 5.26949695e+02
 5.02711545e+02
 5.36271458e+02
 5.23629891e+02
 5.29278107e+02
 5.21687323e+02
 5.06966471e+02
 5.32536564e+02
 5.12486489e+02
 5.29239127e+02
 5.33233588e+02
 5.24489175e+02
 5.11323359e+02
 5.19470382e+02
 5.27866792e+02
 5.10753026e+02
 5.21850932e+02
 5.26091938e+02
 5.17325727e+02
 5.29760758e+02
 5.17855593e+02
 5.21791289e+02
 5.26773224e+02
 5.23367610e+02
 5.04726096e+02
 5.27781882e+02
 5.11730319e+02
 5.16020353e+02
 5.30644921e+02
 5.24212215e+02
 5.11992804e+02
 5.11914927e+02
 5.07353459e+02
 5.29795624e+02
 5.22142228e+02
 5.19311096e+02
 5.31030065e+02
 5.05334873e+02
 5.23734655e+02
 5.12772266e+02
 5.19229271e+02
 5.32528634e+02
 5.30316171e+02
 5.35254108e+02
 5.31483420e+02
 5.42105422e+02
 5.12793527e+02
 5.21766571e+02
 5.13669055e+02
 5.31439699e+02
 5.14757826e+02
 5.11536246e+02
 5.22298473e+02
 5.33048496e+02
 5.26007703e+02
 5.25637021e+02
 5.33718292e+02
 5.15670409e+02
 5.09679985e+02
 5.26810181e+02
 5.21605403e+02
 5.13044263e+02
 5.30211445e+02
 5.24696790e+02
 5.13667365e+02
 5.15349190e+02
 5.25474626e+02
 5.13816486e+02
 5.26912924e+02
 5.24020107e+02
 5.08569232e+02
 5.18152565e+02
 5.06779769e+02
 5.07358515e+02
 5.18167985e+02
 5.23574399e+02
 5.31604014e+02
 5.16304255e+02
 5.22981360e+02
 5.07965403e+02
 5.19869135e+02
 5.17622152e+02
 5.16177389e+02
 5.48520635e+02
 5.04153939e+02
 5.23257463e+02
 5.26173087e+02
 5.28259978e+02
 5.25216808e+02
 5.25479117e+02
 5.14103969e+02
 5.33055358e+02
 5.26734641e+02
 5.10109034e+02
 5.11358843e+02
 5.23972941e+02
 5.21806841e+02
 5.14595073e+02
 5.27651890e+02
 5.19522817e+02
 5.16360762e+02
 5.07066957e+02
 5.17487677e+02
 5.17717250e+02
 5.16221306e+02
 5.27100281e+02
 5.09503183e+02
 5.21689495e+02
 5.13422691e+02
 5.24141618e+02
 5.34415693e+02
 5.14550574e+02
 5.33713226e+02
 5.14375195e+02
 5.31962381e+02
 5.13236722e+02
 5.20700830e+02
 5.11787494e+02
 5.20592167e+02
 5.24753423e+02
 5.10905702e+02
 5.24344606e+02
 5.14710124e+02
 5.20672213e+02
 5.24195090e+02
 5.16827523e+02
 5.19038706e+02
 5.24804847e+02
 5.14755820e+02
 5.12121158e+02
 5.03735470e+02
 5.15321740e+02
 5.30493897e+02
 5.16917333e+02
 5.10721708e+02
 5.25187900e+02
 5.13602595e+02
 5.15971655e+02
 5.11642421e+02
 5.18854745e+02
 5.13830026e+02
 5.17546661e+02
 5.31403536e+02
 5.19820732e+02
 5.17653209e+02
 5.31085044e+02
 5.20119591e+02
 5.31176084e+02
 5.29547234e+02
 5.20392826e+02
 5.24191535e+02
 5.15849884e+02
 5.31572017e+02
 5.35370711e+02
 5.11005270e+02
 5.01547085e+02
 5.19849126e+02
 5.05440251e+02
 5.19010213e+02
 5.28506676e+02
 5.22632076e+02
 5.28298642e+02
 5.30607903e+02
 5.06801970e+02
 5.23466694e+02
 5.19577055e+02
 5.14607146e+02
 5.07536896e+02
 5.15641013e+02
 5.25519787e+02
 5.09321946e+02
 5.17417731e+02
 5.18363464e+02
 5.17823062e+02
 5.13717625e+02
 5.24766653e+02
 5.19034477e+02
 5.16268704e+02
 5.24763454e+02
 5.15212187e+02
 5.17482582e+02
 5.34580977e+02
 5.15052207e+02
 5.14480044e+02
 5.06684660e+02
 5.20321223e+02
 5.32252258e+02
 5.22057153e+02
 5.33539432e+02
 5.23222981e+02
 5.02320039e+02
 5.32555127e+02
 5.20936754e+02
 5.24281886e+02
 5.35196651e+02
 5.17155436e+02
 5.15301277e+02
 5.24121956e+02
 5.29342840e+02
 5.26334722e+02
 5.23296064e+02
 5.21396597e+02
 5.30438642e+02
 5.19580058e+02
 5.30431379e+02
 5.20326383e+02
 5.19028731e+02
 5.22259183e+02
 5.06993224e+02
 5.25928426e+02
 5.10053424e+02
 5.11986313e+02
 5.19406104e+02
 5.12446665e+02
 5.28362132e+02
 5.26433150e+02
 4.99381525e+02
 5.11911533e+02
 5.18760376e+02
 5.21594647e+02
 5.10496389e+02
 5.29518127e+02
 5.21082786e+02
 5.15990009e+02
 5.12869289e+02
 5.26953813e+02
 5.17420606e+02
 5.37192173e+02
 5.25550030e+02
 5.11432019e+02
 5.29564362e+02
 5.25714922e+02
 5.19152830e+02
 5.13550847e+02
 5.23821293e+02
 5.28329323e+02
 5.28176828e+02
 5.23210341e+02
 5.16970850e+02
 5.27647525e+02
 5.13227614e+02
 5.21718171e+02
 5.26201407e+02
 5.21670431e+02
 5.29850293e+02
 5.21537364e+02
 5.20536593e+02
 5.22987868e+02
 5.12513400e+02
 5.11167178e+02
 5.14144192e+02
 5.22048091e+02
 5.20604680e+02
 5.32545344e+02
 5.17609053e+02
 5.17774605e+02
 5.21866715e+02
 5.13010992e+02
 5.24033352e+02
 5.10637502e+02
 5.23164820e+02
 5.23157111e+02
 5.11335682e+02
 5.14615374e+02
 5.06829645e+02
 5.17668488e+02
 5.19610370e+02
 5.17980427e+02
 5.21879860e+02
 5.36278094e+02
 5.18508773e+02
 5.16009046e+02
 5.27567126e+02
 5.23804438e+02
 5.30181096e+02
 5.34843100e+02
 5.25199022e+02
 5.25205624e+02
 5.28637377e+02
 5.14687048e+02
 5.21077278e+02
 5.19572463e+02
 5.14543775e+02
 5.28666354e+02
 5.23112113e+02
 5.19615247e+02
 5.28378805e+02
 5.18982412e+02
 5.16755208e+02
 5.20507247e+02
 5.33713596e+02
 5.29026759e+02
 5.16636379e+02
 5.25614463e+02
 5.36953913e+02
 5.34432068e+02
 5.12988301e+02
 5.15535746e+02
 5.15398780e+02
 5.17125154e+02
 5.16526278e+02
 5.18351715e+02
 5.15186698e+02
 5.26828445e+02
 5.25549759e+02
 5.04758664e+02
 5.25548398e+02
 5.27262219e+02
 5.27251784e+02
 5.18786357e+02
 5.42159123e+02
 5.17954387e+02
 5.16075994e+02
 5.37797518e+02
 5.28843950e+02
 5.24471480e+02
 5.27280419e+02
 5.15956042e+02
 5.20424010e+02
 5.18501937e+02
 5.19780711e+02
 5.17766936e+02
 5.22605101e+02
 5.07782313e+02
 5.28957959e+02
 5.23718349e+02
 5.24233940e+02
 5.21527000e+02
 5.26581223e+02
 5.14712652e+02
 5.24625754e+02
 5.24466060e+02
 5.20896156e+02
 5.23866628e+02
 5.07447720e+02
 5.20343148e+02
 5.22704565e+02
 5.12824402e+02
 5.28936060e+02
 5.25191708e+02
 5.31703307e+02
 5.11139847e+02
 5.22375011e+02
 5.09131236e+02
 5.24483475e+02
 5.18891939e+02
 5.32489421e+02
 5.24594679e+02
 5.22946976e+02
 5.17917418e+02
 5.18304333e+02
 5.17104627e+02
 5.23648225e+02
 5.17581133e+02
 5.29764832e+02
 5.31112772e+02
 5.31782107e+02
 5.14081787e+02
 5.20108253e+02
 5.14049420e+02
 5.13092720e+02
 5.25400983e+02
 5.14251496e+02
 5.19536175e+02
 5.10371512e+02
 5.18317339e+02
 5.16464066e+02
 5.22333183e+02
 5.29775369e+02
 5.20489547e+02
 5.03793418e+02
 5.25988199e+02
 5.17369365e+02
 5.41277102e+02
 5.16098378e+02
 5.21639941e+02
 5.13576286e+02
 5.26902668e+02
 5.26225898e+02
 5.15624582e+02
 5.19126183e+02
 5.28877216e+02
 5.17774609e+02
 5.33374174e+02
 5.17555656e+02
 5.13435908e+02
 5.06396272e+02
 5.22823255e+02
 5.41174054e+02
 5.24006619e+02
 5.15494232e+02
 5.13472561e+02
 5.12591110e+02
 5.10632777e+02
 5.17942367e+02
 5.23969583e+02
 5.28702556e+02
 5.13784987e+02
 5.26011434e+02
 5.25398203e+02
 5.10196738e+02
 5.15636178e+02
 5.26601207e+02
 5.14924475e+02
 5.04901938e+02
 5.10107250e+02
 5.29387666e+02
 5.21857050e+02
 5.14331673e+02
 5.24604061e+02
 5.23201265e+02
 5.23259254e+02
 5.26433421e+02
 5.16205714e+02
 5.19533291e+02
 5.23619185e+02
 5.12442608e+02
 5.26145532e+02
 5.28710195e+02
 5.23580297e+02
 5.19184921e+02
 5.25006654e+02
 5.26290951e+02
 5.21874358e+02
 5.23513282e+02
 5.18671212e+02
 5.23098735e+02
 5.15602140e+02
 5.24147434e+02
 5.30950365e+02
 5.20250661e+02
 5.11901353e+02
 5.30505662e+02
 5.22044278e+02
 5.18635618e+02
 5.23263071e+02
 5.32207687e+02
 5.20717123e+02
 5.28422262e+02
 5.22183368e+02
 5.28068259e+02
 5.11425052e+02
 5.03540344e+02
 5.13096186e+02
 5.33865746e+02
 5.29914396e+02
 5.12869194e+02
 5.37176196e+02
 5.24208869e+02
 5.25012161e+02
 5.23548963e+02
 5.13797512e+02
 5.20142977e+02
 5.26704514e+02
 5.31396686e+02
 5.24901045e+02
 5.11183664e+02
 5.22415822e+02
 5.24421973e+02
 5.16760357e+02
 5.15713450e+02
 5.18996993e+02
 5.18709370e+02
 5.35081989e+02
 5.16448643e+02
 5.24027848e+02
 5.26983216e+02
 5.14489063e+02
 5.27868307e+02
 5.04508292e+02
 5.14779782e+02
 5.15407457e+02
 5.24015747e+02
 5.08242386e+02
 5.15495391e+02
 5.22140147e+02
 5.15676983e+02
 5.30079794e+02
 5.29289239e+02
 5.34091976e+02
 5.09629402e+02
 5.20542418e+02
 5.21863215e+02
 5.21211230e+02
 5.21816314e+02
 5.21860828e+02
 5.04593601e+02
 5.29011164e+02
 5.34242036e+02
 5.11045020e+02
 5.16185439e+02
 5.23258051e+02
 5.41590562e+02
 5.28441848e+02
 5.14653433e+02
 5.24603027e+02
 5.12493975e+02
 5.24012717e+02
 5.24117571e+02
 5.25827486e+02
 5.14404775e+02
 5.21055401e+02
 5.23221850e+02
 5.24208181e+02
 5.19918811e+02
 5.27881501e+02
 5.15025077e+02
 5.25710411e+02
 5.26042458e+02
 5.29587493e+02
 5.17810093e+02
 5.27185558e+02
 5.20039984e+02
 5.13043917e+02
 5.19088021e+02
 5.10705086e+02
 5.32576557e+02
 5.12253523e+02
 5.21736886e+02
 5.24809873e+02
 5.09956593e+02
 5.19570834e+02
 5.24327332e+02
 5.28625935e+02
 5.11000345e+02
 5.17678458e+02
 5.27724849e+02
 5.22089107e+02
 5.21049967e+02
 5.13715519e+02
 5.13418748e+02
 5.22001546e+02
 5.21943311e+02
 5.17284583e+02
 5.18508928e+02
 5.24049706e+02
 5.08682542e+02
 5.28312413e+02
 5.11509515e+02
 5.16918458e+02
 5.33317441e+02
 5.20346044e+02
 5.19028137e+02
 5.19219803e+02
 5.25768936e+02
 5.22809156e+02
 5.20326753e+02
 5.21681677e+02
 5.10440719e+02
 5.10557980e+02
 5.12941342e+02
 5.13317040e+02
 5.16318212e+02
 5.09498540e+02
 5.18274561e+02
 5.25661987e+02
 5.17510052e+02
 5.11882709e+02
 5.29035620e+02
 5.08618577e+02
 5.30839311e+02
 5.12778058e+02
 5.19424282e+02
 5.20253569e+02
 5.23899605e+02
 5.22157822e+02
 5.35999837e+02
 5.30451090e+02
 5.18009681e+02
 5.10358183e+02
 5.18333990e+02
 5.28817107e+02
 5.19000602e+02
 5.22532237e+02
 5.18309780e+02
 5.30943044e+02
 5.22721085e+02
 5.11493499e+02
 5.16599654e+02
 5.16996266e+02
 5.15242096e+02
 5.41559919e+02
 5.09965113e+02
 5.23875863e+02
 5.17845497e+02
 5.36101352e+02
 5.38498304e+02
 5.26290282e+02
 5.28553201e+02
 5.28183799e+02
 5.26870717e+02
 5.21154307e+02
 5.18119390e+02
 5.12135896e+02
 5.24893022e+02
 5.25567788e+02
 5.17634460e+02
 5.20858965e+02
 5.16895674e+02
 5.35845356e+02
 5.18481733e+02
 5.04215329e+02
 5.25919382e+02
 5.12863696e+02
 5.18644846e+02
 5.11732129e+02
 5.27700325e+02
 5.21862314e+02
 5.18259539e+02
 5.22834011e+02
 5.14445468e+02
 5.14098084e+02
 5.19812293e+02
 5.18964864e+02
 5.09466343e+02
 5.21713251e+02
 5.20088039e+02
 5.12341668e+02
 5.12978009e+02
 5.28690954e+02
 5.23873836e+02
 5.34159894e+02
 5.28756783e+02
 5.24125442e+02
 5.17175414e+02
 5.20645363e+02
 5.25836492e+02
 5.17087714e+02
 5.22896082e+02
 5.18140549e+02
 5.19173769e+02
 5.15140334e+02
 5.12895176e+02
 5.14795616e+02
 5.21026471e+02
 5.24176382e+02
 5.19853458e+02
 5.16693061e+02
 5.10895419e+02
 5.28561746e+02
 5.20657824e+02
 5.19506960e+02
 5.22189996e+02
 5.17346220e+02
 5.15400574e+02
 5.16065314e+02
 5.19068817e+02
 5.15671138e+02
 5.19350970e+02
 5.22608852e+02
 5.32908483e+02
 5.17797041e+02
 5.16791506e+02
 5.34826238e+02
 5.15516343e+02
 5.25614747e+02
 5.06020191e+02
 5.14084713e+02
 5.15215379e+02
 5.27869948e+02
 5.35761877e+02
 5.13387696e+02
 5.19807732e+02
 5.19767522e+02
 5.13768267e+02
 5.14006672e+02
 5.12474879e+02
 5.20217615e+02
 5.23086708e+02
 5.26656287e+02
 5.09738367e+02
 5.12421910e+02
 5.26160090e+02
 5.28959802e+02
 5.25825658e+02
 5.24366347e+02
 5.26613264e+02
 5.15576940e+02
 5.16431969e+02
 5.22163905e+02
 5.09394647e+02
 5.23179748e+02
 5.23632053e+02
 5.16836587e+02
 5.18539777e+02
 5.12735907e+02
 5.21117001e+02
 5.21744771e+02
 5.26045512e+02
 5.17499797e+02
 5.34275138e+02
 5.18369466e+02
 5.25037157e+02
 5.22148093e+02
 5.13464564e+02
 5.30089117e+02
 5.11793971e+02
 5.19157177e+02
 5.28908023e+02
 5.16007291e+02
 5.23352751e+02
 5.17823276e+02
 5.16800792e+02
 5.21684332e+02
 5.27569542e+02
 5.25064578e+02
 5.23869227e+02
 5.03078164e+02
 5.31991222e+02
 5.17462230e+02
 5.24375280e+02
 5.18887379e+02
 5.26512052e+02
 5.26709166e+02
 5.13296907e+02
 5.20374542e+02
 5.21555052e+02
 5.31192752e+02
 5.14102310e+02
 5.22765434e+02
 5.31690036e+02
 5.24445537e+02
 5.16416179e+02
 5.21388419e+02
 5.03011958e+02
 5.17628816e+02
 5.23431534e+02
 5.15403681e+02
 5.17383233e+02
 5.02355720e+02
 5.24523837e+02
 5.15707331e+02
 5.18361881e+02
 5.10189896e+02
 5.24150238e+02
 5.23050688e+02
 5.17614062e+02
 5.07030254e+02
 5.34253496e+02
 5.19353864e+02
 5.27513194e+02
 5.31804942e+02
 5.26783304e+02
 5.18333617e+02
 5.02881586e+02
 5.26526291e+02
 5.14305238e+02
 5.23834772e+02
 5.14788197e+02
 5.32498897e+02
 5.18743770e+02
 5.26258332e+02
 5.30710054e+02
 5.10016600e+02
 5.33019563e+02
 5.25456949e+02
 5.16416504e+02
 5.13481441e+02
 5.30762020e+02
 5.14299280e+02
 5.21064675e+02
 5.07139431e+02
 5.09307098e+02
 5.37666361e+02
 5.30850377e+02
 5.26649324e+02
 5.07485099e+02
 5.20633533e+02
 5.24745852e+02
 5.24351868e+02
 5.14589076e+02
 5.15600413e+02
 5.13765154e+02
 5.11231798e+02
 5.19398926e+02
 5.22026562e+02
 5.29365018e+02
 5.14451258e+02
 5.08294202e+02
 5.17184424e+02
 5.14465578e+02
 5.23538678e+02
 5.15376731e+02
 5.09812639e+02
 5.23235701e+02
 5.15431099e+02
 5.25879541e+02
 5.19702685e+02
 5.33998987e+02
 5.19897398e+02
 5.23467551e+02
 5.17140246e+02
 5.20433349e+02
 5.21740618e+02
 5.22822866e+02
 5.37178083e+02
 5.28227008e+02
 5.24824045e+02
 5.28045545e+02
 5.19852839e+02
 5.22393615e+02
 5.18705401e+02
 5.32247551e+02
 5.18371344e+02
 5.31340575e+02
 5.16836763e+02
 5.25316681e+02
 5.34359917e+02
 5.19983144e+02
 5.24316509e+02
 5.11903474e+02
 5.28605527e+02
 5.24988763e+02
 5.15004378e+02
 5.37220559e+02
 5.19729897e+02
 5.27629540e+02
 5.22378924e+02
 5.09786211e+02
 5.34757408e+02
 5.23469224e+02
 5.29931275e+02
 5.33503265e+02
 5.18182235e+02
 5.19698317e+02
 5.28428362e+02
 5.17407256e+02
 5.20965250e+02
 5.19882882e+02
 5.09659442e+02
 5.20266713e+02
 5.23868152e+02
 5.19171379e+02
 5.32173991e+02
 5.32017119e+02
 5.29910566e+02
 5.18483167e+02
 5.12219533e+02
 5.22538964e+02
 5.10244596e+02
 5.14462300e+02
 5.08274723e+02
 5.24821506e+02
 5.18872377e+02
 5.26503902e+02
 5.07665338e+02
 5.11017338e+02
 5.22769894e+02
 5.05547034e+02
 5.17139492e+02
 5.22700270e+02
 5.24660241e+02
 5.13203074e+02
 5.16075223e+02
 5.15622997e+02
 5.20392181e+02
 5.16726699e+02
 5.12075968e+02
 5.14985171e+02
 5.31347726e+02
 5.16784198e+02
 5.17190306e+02
 5.16323810e+02
 5.26562028e+02
 5.19443514e+02
 5.21449936e+02
 5.26025741e+02
 5.23749818e+02
 5.17826875e+02
 5.12292878e+02
 5.08558773e+02
 5.16856292e+02
 5.21081046e+02
 5.20656735e+02
 5.15285271e+02
 5.26016234e+02
 5.29595294e+02
 5.23834195e+02
 5.11439251e+02
 5.16225134e+02
 5.21031608e+02
 5.16502866e+02
 5.13281547e+02
 5.19441530e+02
 5.30558521e+02
 5.25469807e+02
 5.18470464e+02
 5.12963807e+02
 5.28602427e+02
 5.19127322e+02
 5.25928006e+02
 5.14454815e+02
 5.26484154e+02
 5.15435029e+02
 5.19843777e+02
 5.08530664e+02
 5.22343286e+02
 5.29542437e+02
 5.07713744e+02
 5.25165745e+02
 5.11383452e+02
 5.06017882e+02
 5.12378958e+02
 5.25681113e+02
 5.27626479e+02
 5.20138740e+02
 5.35755929e+02
 5.16955374e+02
 5.27387816e+02
 5.19774596e+02
 5.19616329e+02
 5.31460636e+02
 5.14384287e+02
 5.17874903e+02
 5.20499972e+02
 5.29411750e+02
 5.15551142e+02
 5.05297191e+02
 5.12268732e+02
 5.11421615e+02
 5.20263691e+02
 5.19896786e+02
 5.17735531e+02
 5.09658188e+02
 5.39695944e+02
 5.13545550e+02
 5.20728613e+02
 5.04978987e+02
 5.32981467e+02
 5.05998445e+02
 5.30926114e+02
 5.19568671e+02
 5.24630408e+02
 5.17666328e+02
 5.29876452e+02
 5.18202398e+02
 5.26665966e+02
 5.33663999e+02
 5.18852813e+02
 5.23986678e+02
 5.11392327e+02
 5.21325615e+02
 5.26437351e+02
 5.13056237e+02
 5.27963651e+02
 5.36812381e+02
 5.18969483e+02
 5.24565118e+02
 5.20735695e+02
 5.13414508e+02
 5.17677452e+02
 5.07525982e+02
 5.26049481e+02
 5.30182028e+02
 5.05270498e+02
 5.12659933e+02
 5.29531669e+02
 5.21294742e+02
 5.28849330e+02
 5.15655627e+02
 5.08867671e+02
 5.21439004e+02
 5.30013026e+02
 5.15191631e+02
 5.17442893e+02
 5.34777396e+02
 5.14134962e+02
 5.18810849e+02
 5.33501541e+02
 5.14072190e+02
 5.15567129e+02
 5.18088002e+02
 5.22684402e+02
 5.16962847e+02
 5.31706364e+02
 5.35956566e+02
 5.33292152e+02
 5.12289885e+02
 5.29797288e+02
 5.29380808e+02
 5.24164277e+02
 5.13494261e+02
 5.20026030e+02
 5.27584498e+02
 5.11593959e+02
 5.22029356e+02
 5.39473290e+02
 5.23325636e+02
 5.32728992e+02
 5.11984568e+02
 5.26914523e+02
 5.14823364e+02
 5.21987263e+02
 5.25622231e+02
 5.29004160e+02
 5.14965369e+02
 5.22713811e+02
 5.24828133e+02
 5.14453011e+02
 5.39128980e+02
 5.09822127e+02
 5.18519946e+02
 5.15669261e+02
 5.21888650e+02
 5.24032494e+02
 5.39119004e+02
 5.16622252e+02
 5.22540716e+02
 5.26425883e+02
 5.26004659e+02
 5.14225594e+02
 5.26327455e+02
 5.26584156e+02
 5.12981949e+02
 5.22763749e+02
 5.30352663e+02
 5.21592819e+02
 5.22695072e+02
 5.09557882e+02
 5.30975214e+02
 5.29718023e+02
 5.32701982e+02
 5.10937081e+02
 5.12333542e+02
 5.34877296e+02
 5.17306029e+02
 5.15300621e+02
 5.32436082e+02
 5.14650557e+02
 5.15725577e+02
 5.13348041e+02
 5.18080101e+02
 5.23610152e+02
 5.27140200e+02
 5.24151303e+02
 5.28811785e+02
 5.31262105e+02
 5.12525354e+02
 5.25513883e+02
 5.02988454e+02
 5.21856692e+02
 5.08454800e+02
 5.13805961e+02
 5.32463563e+02
 5.11130235e+02
 5.27509834e+02
 5.01291222e+02
 5.27074785e+02
 5.11886519e+02
 5.27352955e+02
 5.24293295e+02
 5.20927669e+02
 5.24289090e+02
 5.15630230e+02
 5.18953220e+02
 5.31372410e+02
 5.18396692e+02
 5.26946358e+02
 5.25978140e+02
 5.32636212e+02
 5.17731983e+02
 5.30484330e+02
 5.25114717e+02
 5.36064054e+02
 5.10911565e+02
 5.18931092e+02
 5.13455481e+02
 5.26280750e+02
 5.22235063e+02
 5.16897451e+02
 5.25894863e+02
 5.29076465e+02
 5.22636740e+02
 5.07183067e+02
 5.24953338e+02
 5.19448499e+02
 5.23744584e+02
 5.33157905e+02
 5.12466383e+02
 5.15656772e+02
 5.22594489e+02
 5.12359640e+02
 5.33481022e+02
 5.28137677e+02
 5.17534776e+02
 5.15427262e+02
 5.05050129e+02
 5.12499607e+02
 5.13916785e+02
 5.11989807e+02
 5.12353572e+02
 5.20082635e+02
 5.23934211e+02
 5.16137408e+02
 5.16368517e+02
 5.16051779e+02
 5.15153739e+02
 5.37401395e+02
 5.19319936e+02
 5.22789237e+02
 5.08671555e+02
 5.36250043e+02
 5.18805662e+02
 5.21678730e+02
 5.10275890e+02
 5.05027203e+02
 5.10264844e+02
 5.18774014e+02
 5.18975567e+02
 5.14317836e+02
 5.16624470e+02
 5.09425883e+02
 5.13432168e+02
 5.21446072e+02
 5.19040798e+02
 5.29594184e+02
 5.10439094e+02
 5.26864101e+02
 5.20798113e+02
 5.16296850e+02
 5.15217071e+02
 5.31557985e+02
 5.09266671e+02
 5.24120104e+02
 5.07409855e+02
 5.27558315e+02
 5.22640229e+02
 5.13985037e+02
 5.29307433e+02
 5.08513589e+02
 5.28629553e+02
 5.26838495e+02
 5.21665431e+02
 5.10645078e+02
 5.05771181e+02
 5.26378218e+02
 5.22513271e+02
 5.23728796e+02
 5.08285787e+02
 5.24834147e+02
 5.24320228e+02
 5.38331158e+02
 5.15934604e+02
 5.30538922e+02
 5.25162881e+02
 5.16547309e+02
 5.33515936e+02
 5.16940157e+02
 5.28638884e+02
 5.18298670e+02
 5.13385773e+02
 5.24898977e+02
 5.19421515e+02
 5.17371668e+02
 5.27472595e+02
 5.22943010e+02
 5.23668288e+02
 5.14600257e+02
 5.27130270e+02
 5.27216683e+02
 5.33880912e+02
 5.19041236e+02
 5.16831313e+02
 5.14912840e+02
 5.22935540e+02
 5.20741112e+02
 5.28824876e+02
 5.25975612e+02
 5.09141705e+02
 5.24352860e+02
 5.14675394e+02
 5.06270964e+02
 5.11955331e+02
 5.23862884e+02
 5.02944829e+02
 5.28905890e+02
 5.29796889e+02
 5.25959299e+02
 5.18110601e+02
 5.04636994e+02
 5.26976821e+02
 5.21451641e+02
 5.39424688e+02
 5.19855945e+02
 5.27287108e+02
 5.21890810e+02
 5.13507452e+02
 5.21374574e+02
 5.23899526e+02
 5.31923698e+02
 5.22386080e+02
 5.22889009e+02
 5.25801634e+02
 5.16155346e+02
 5.23310449e+02
 5.02560087e+02
 5.30075441e+02
 5.11188758e+02
 5.17933306e+02
 5.17202637e+02
 5.04024546e+02
 5.30273043e+02
 5.22275767e+02
 5.22732777e+02
 5.26716933e+02
 5.34313309e+02
 5.14674626e+02
 5.25515185e+02
 5.20408248e+02
 5.26987536e+02
 5.18184855e+02
 5.17418386e+02
 5.37952032e+02
 5.10793166e+02
 5.26844508e+02
 5.16757187e+02
 5.11184610e+02
 5.16191198e+02
 5.08593252e+02
 5.34386719e+02
 5.12518917e+02
 5.27840242e+02
 5.21257057e+02
 5.25706624e+02
 5.23075447e+02
 5.08415231e+02
 5.21843659e+02
 5.20970618e+02
 5.25330615e+02
 5.18045284e+02
 5.16193109e+02
 5.30154640e+02
 5.12219376e+02
 5.24776863e+02
 5.19772782e+02
 5.16058369e+02
 5.06204896e+02
 5.22590178e+02
 5.18811019e+02
 5.24762244e+02
 5.23576831e+02
 5.24553668e+02
 5.28416211e+02
 5.05743671e+02
 5.24958091e+02
 5.16798895e+02
 5.17504762e+02
 5.13062521e+02
 5.37343364e+02
 5.04304276e+02
 5.20078058e+02
 5.23524318e+02
 5.21038055e+02
 5.29160865e+02
 5.24692574e+02
 5.20841544e+02
 5.18791542e+02
 5.22236542e+02
 5.26669616e+02
 5.18508458e+02
 5.33168017e+02
 5.10868800e+02
 5.06922377e+02
 5.15221555e+02
 5.20603619e+02
 5.13704020e+02
 5.19801741e+02
 5.22102263e+02
 5.26995469e+02
 5.18015351e+02
 5.26020369e+02
 5.22240002e+02
 5.13334796e+02
 5.17220494e+02
 5.14381844e+02
 5.15480986e+02
 5.15626651e+02
 5.11034818e+02
 5.31218450e+02
 5.20468671e+02
 5.23660715e+02
 5.11848036e+02
 5.07629219e+02
 5.24272094e+02
 5.24470856e+02
 5.12105588e+02
 5.20781445e+02
 5.19568492e+02
 5.21766096e+02
 5.05015720e+02
 5.14935971e+02
 5.24903653e+02
 5.29731146e+02
 5.20477853e+02
 5.31965167e+02
 5.16302053e+02
 5.28966233e+02
 5.26407791e+02
 5.23170229e+02
 5.25664572e+02
 5.28172964e+02
 5.25580112e+02
 5.06802675e+02
 5.10326305e+02
 5.39946874e+02
 5.23093651e+02
 5.26290701e+02
 5.19250614e+02
 5.16233488e+02
 5.13021584e+02
 5.17764766e+02
 5.23245322e+02
 5.12862941e+02
 5.29969596e+02
 5.21414690e+02
 5.10062220e+02
 5.21010417e+02
 5.13198509e+02
 5.12089969e+02
 5.17201713e+02
 5.15816763e+02
 5.30042366e+02
 5.24079490e+02
 5.28860835e+02
 5.18178001e+02
 5.29133606e+02
 5.24917427e+02
 5.14001558e+02
 5.21436325e+02
 5.10729674e+02
 5.17312668e+02
 5.14829774e+02
 5.20061707e+02
 5.23486910e+02
 5.12089977e+02
 5.20331472e+02
 5.17856348e+02
 5.22938120e+02
 5.24405474e+02
 5.20142059e+02
 5.22402416e+02
 5.23489590e+02
 5.23182141e+02
 5.13517961e+02
 5.21382835e+02
 5.45610186e+02
 5.18574519e+02
 5.22912665e+02
 5.19533908e+02
 5.21157758e+02
 5.15641888e+02
 5.18360420e+02
 5.17513316e+02
 5.08580207e+02
 5.10342219e+02
 5.21709442e+02
 5.19557099e+02
 5.09365241e+02
 5.31012253e+02
 5.26034505e+02
 5.22623050e+02
 5.13495149e+02
 5.28791773e+02
 5.13741779e+02
 5.24486132e+02
 5.14769171e+02
 5.14600145e+02
 5.10442618e+02
 5.24336974e+02
 5.13052890e+02
 5.18160040e+02
 5.23148902e+02
 5.13529795e+02
 5.25191530e+02
 5.22992308e+02
 5.09730704e+02
 5.14400062e+02
 5.18145975e+02
 5.28389011e+02
 5.22393867e+02
 5.31547713e+02
 5.13096481e+02
 5.22579074e+02
 5.31374706e+02
 5.22919053e+02
 5.11045152e+02
 5.12996892e+02
 5.10026128e+02
 5.11753337e+02
 5.16574603e+02
 5.22378668e+02
 5.34035652e+02
 5.35075410e+02
 5.30778813e+02
 5.30945104e+02
 5.15653717e+02
 5.26978516e+02
 5.22155993e+02
 5.10979509e+02
 5.20415893e+02
 5.17672144e+02
 5.19633585e+02
 5.19814197e+02
 5.23389705e+02
 5.22038876e+02
 5.27135486e+02
 5.21223132e+02
 5.19988733e+02
 5.29525083e+02
 5.18999449e+02
